-----
Simulation parameters:
Using 100 nodes.
Using 10 snapshot period.
Using 100 as maximum number of snapshots.
Using 1000 as maximum number of snapshots.
Using 1000 as height.
Using 0 as GUI option.
Using 2 infected nodes initially.
Using 0 vaccinated nodes initially.
Using 2 as vaccine efficiency.
Using 100 as infection period.
Using 200 as contagion period.
Using 300 as immune period.
Using 200 as travel distance.
Using 1 as printout option.
Using 0 as stop_all_sane condition.
-----
98 2 0
98 2 0
98 2 0
98 2 0
98 2 0
98 2 0
98 2 0
97 3 0
96 4 0
95 5 0
93 7 0
92 8 0
92 8 0
91 8 1
91 8 1
90 9 1
90 9 1
89 10 1
89 10 1
87 12 1
87 12 1
86 11 3
85 10 5
83 11 6
82 12 6
81 13 6
77 16 7
76 17 7
75 17 8
75 17 8
73 18 9
71 20 9
68 22 10
65 25 10
63 27 10
62 26 12
61 26 13
59 27 14
56 30 14
56 29 15
55 31 14
55 31 14
54 29 17
54 28 18
52 28 20
52 28 20
51 25 24
51 25 24
51 24 25
49 26 25
48 25 27
47 25 28
47 22 31
47 21 32
47 21 32
49 18 33
49 15 36
50 15 35
51 15 34
50 15 35
50 15 35
49 15 36
48 14 38
48 13 39
48 12 40
50 11 39
51 11 38
53 12 35
52 11 37
55 12 33
55 12 33
54 13 33
55 12 33
56 12 32
55 12 33
56 13 31
57 14 29
59 14 27
59 15 26
60 17 23
58 18 24
57 18 25
57 18 25
57 19 24
59 18 23
60 18 22
62 18 20
64 17 19
64 16 20
63 17 20
63 17 20
63 16 21
63 17 20
62 17 21
60 18 22
62 15 23
60 14 26
60 14 26
60 14 26
59 15 26
-----
Simulation parameters:
Using 150 nodes.
Using 10 snapshot period.
Using 100 as maximum number of snapshots.
Using 1000 as maximum number of snapshots.
Using 1000 as height.
Using 0 as GUI option.
Using 2 infected nodes initially.
Using 0 vaccinated nodes initially.
Using 2 as vaccine efficiency.
Using 100 as infection period.
Using 200 as contagion period.
Using 300 as immune period.
Using 200 as travel distance.
Using 1 as printout option.
Using 0 as stop_all_sane condition.
-----
148 2 0
148 2 0
148 2 0
148 2 0
148 2 0
148 2 0
148 2 0
148 2 0
148 2 0
143 7 0
141 9 0
140 10 0
139 11 0
139 11 0
139 11 0
139 11 0
138 12 0
137 13 0
135 15 0
132 17 1
131 18 1
125 24 1
122 27 1
119 28 3
118 28 4
116 29 5
112 31 7
109 34 7
104 39 7
100 43 7
98 45 7
90 53 7
88 53 9
86 53 11
83 52 15
82 52 16
80 53 17
78 53 19
74 57 19
70 60 20
67 63 20
63 64 23
60 66 24
56 65 29
55 59 36
52 60 38
51 60 39
50 57 43
49 53 48
46 52 52
45 51 54
43 53 54
41 54 55
43 49 58
41 46 63
41 44 65
40 42 68
39 41 70
38 38 74
38 34 78
37 36 77
35 36 79
35 35 80
33 35 82
35 33 82
36 32 82
37 30 83
37 28 85
40 26 84
43 25 82
44 24 82
44 22 84
47 21 82
51 22 77
53 22 75
54 20 76
60 21 69
65 20 65
68 19 63
71 16 63
75 15 60
77 14 59
77 15 58
81 14 55
81 13 56
84 13 53
85 14 51
88 14 48
93 14 43
94 12 44
96 12 42
99 11 40
98 11 41
100 11 39
101 10 39
102 8 40
105 7 38
107 7 36
108 7 35
110 7 33
-----
Simulation parameters:
Using 200 nodes.
Using 10 snapshot period.
Using 100 as maximum number of snapshots.
Using 1000 as maximum number of snapshots.
Using 1000 as height.
Using 0 as GUI option.
Using 2 infected nodes initially.
Using 0 vaccinated nodes initially.
Using 2 as vaccine efficiency.
Using 100 as infection period.
Using 200 as contagion period.
Using 300 as immune period.
Using 200 as travel distance.
Using 1 as printout option.
Using 0 as stop_all_sane condition.
-----
198 2 0
198 2 0
198 2 0
198 2 0
198 2 0
198 2 0
198 2 0
196 4 0
195 5 0
193 7 0
189 11 0
186 14 0
183 17 0
181 19 0
180 20 0
175 25 0
172 28 0
170 30 0
167 33 0
162 38 0
160 40 0
159 41 0
158 42 0
156 44 0
153 43 4
150 45 5
148 46 6
142 50 8
139 52 9
134 56 10
129 59 12
121 63 16
115 66 19
110 67 23
109 62 29
108 56 36
106 58 36
104 60 36
101 61 38
97 63 40
89 68 43
89 66 45
85 70 45
73 78 49
67 81 52
63 82 55
59 82 59
57 82 61
56 79 65
52 81 67
44 85 71
40 82 78
39 79 82
39 81 80
38 78 84
36 76 88
33 77 90
34 72 94
31 72 97
30 73 97
33 67 100
35 61 104
36 59 105
35 58 107
39 57 104
43 55 102
45 53 102
47 48 105
47 47 106
48 42 110
48 39 113
49 37 114
50 32 118
55 29 116
57 28 115
59 26 115
58 24 118
60 23 117
63 24 113
63 27 110
70 25 105
74 24 102
81 22 97
84 20 96
84 21 95
85 21 94
92 22 86
93 25 82
94 26 80
92 29 79
97 30 73
104 32 64
108 31 61
109 34 57
111 37 52
111 38 51
115 38 47
116 38 46
114 40 46
112 44 44
-----
Simulation parameters:
Using 250 nodes.
Using 10 snapshot period.
Using 100 as maximum number of snapshots.
Using 1000 as maximum number of snapshots.
Using 1000 as height.
Using 0 as GUI option.
Using 2 infected nodes initially.
Using 0 vaccinated nodes initially.
Using 2 as vaccine efficiency.
Using 100 as infection period.
Using 200 as contagion period.
Using 300 as immune period.
Using 200 as travel distance.
Using 1 as printout option.
Using 0 as stop_all_sane condition.
-----
248 2 0
248 2 0
248 2 0
248 2 0
248 2 0
248 2 0
248 2 0
248 2 0
247 3 0
247 3 0
245 5 0
245 5 0
242 8 0
241 9 0
240 10 0
239 11 0
238 11 1
238 11 1
236 13 1
234 15 1
231 18 1
230 18 2
227 21 2
226 21 3
221 25 4
216 29 5
212 32 6
208 35 7
204 39 7
200 43 7
199 43 8
193 49 8
190 51 9
181 57 12
172 64 14
166 69 15
156 77 17
140 92 18
131 99 20
124 104 22
120 105 25
110 114 26
101 117 32
88 127 35
81 132 37
70 138 42
67 140 43
59 146 45
52 148 50
49 141 60
45 137 68
38 143 69
33 136 81
32 135 83
31 129 90
30 124 96
28 121 101
23 115 112
23 110 117
20 100 130
20 92 138
22 84 144
25 77 148
24 69 157
26 63 161
29 52 169
28 50 172
31 44 175
32 40 178
37 36 177
39 33 178
39 32 179
42 29 179
45 28 177
51 27 172
57 24 169
63 22 165
67 22 161
74 21 155
79 18 153
80 16 154
82 19 149
89 19 142
102 19 129
107 22 121
111 23 116
115 24 111
116 27 107
127 29 94
131 31 88
138 30 82
139 34 77
142 36 72
146 39 65
150 41 59
145 48 57
144 55 51
140 62 48
141 64 45
141 66 43
-----
Simulation parameters:
Using 300 nodes.
Using 10 snapshot period.
Using 100 as maximum number of snapshots.
Using 1000 as maximum number of snapshots.
Using 1000 as height.
Using 0 as GUI option.
Using 2 infected nodes initially.
Using 0 vaccinated nodes initially.
Using 2 as vaccine efficiency.
Using 100 as infection period.
Using 200 as contagion period.
Using 300 as immune period.
Using 200 as travel distance.
Using 1 as printout option.
Using 0 as stop_all_sane condition.
-----
298 2 0
298 2 0
298 2 0
298 2 0
298 2 0
298 2 0
298 2 0
294 6 0
293 7 0
288 12 0
287 13 0
284 16 0
282 18 0
280 20 0
277 23 0
273 26 1
266 33 1
261 37 2
258 40 2
256 42 2
251 47 2
248 47 5
242 52 6
235 58 7
226 66 8
221 70 9
214 76 10
202 86 12
192 95 13
186 98 16
176 105 19
173 107 20
165 112 23
160 114 26
157 113 30
153 114 33
148 114 38
138 122 40
131 120 49
125 116 59
120 114 66
117 109 74
109 108 83
102 112 86
94 113 93
91 112 97
87 109 104
84 108 108
84 105 111
80 101 119
74 97 129
72 94 134
66 97 137
66 98 136
64 98 138
62 97 141
59 97 144
59 98 143
61 91 148
62 87 151
62 83 155
62 84 154
65 84 151
67 83 150
67 82 151
70 74 156
65 77 158
75 71 154
76 71 153
84 66 150
84 66 150
88 65 147
86 70 144
93 68 139
97 69 134
102 66 132
101 65 134
99 68 133
100 67 133
105 61 134
103 64 133
108 66 126
106 68 126
108 69 123
113 65 122
108 71 121
109 68 123
105 72 123
100 79 121
97 80 123
98 84 118
91 94 115
88 99 113
91 100 109
92 98 110
87 99 114
90 99 111
91 99 110
89 100 111
85 107 108
-----
Simulation parameters:
Using 350 nodes.
Using 10 snapshot period.
Using 100 as maximum number of snapshots.
Using 1000 as maximum number of snapshots.
Using 1000 as height.
Using 0 as GUI option.
Using 2 infected nodes initially.
Using 0 vaccinated nodes initially.
Using 2 as vaccine efficiency.
Using 100 as infection period.
Using 200 as contagion period.
Using 300 as immune period.
Using 200 as travel distance.
Using 1 as printout option.
Using 0 as stop_all_sane condition.
-----
348 2 0
348 2 0
348 2 0
348 2 0
348 2 0
348 2 0
348 2 0
347 3 0
343 7 0
339 11 0
335 15 0
329 21 0
323 27 0
321 28 1
318 31 1
311 38 1
301 48 1
297 52 1
282 67 1
278 71 1
270 79 1
263 86 1
257 92 1
243 105 2
228 118 4
217 127 6
204 139 7
199 136 15
177 154 19
163 165 22
143 179 28
131 190 29
121 198 31
106 209 35
96 212 42
79 223 48
71 222 57
63 223 64
58 220 72
54 213 83
47 211 92
43 205 102
37 191 122
36 182 132
31 175 144
27 168 155
26 155 169
24 137 189
24 125 201
23 116 211
19 109 222
18 98 234
20 80 250
24 72 254
24 70 256
22 69 259
24 63 263
26 59 265
28 54 268
32 51 267
39 44 267
45 34 271
51 29 270
58 27 265
73 25 252
81 24 245
87 22 241
97 21 232
106 16 228
111 13 226
117 11 222
126 9 215
140 8 202
154 6 190
171 4 175
179 4 167
194 3 153
204 1 145
221 1 128
232 1 117
249 1 100
259 1 90
269 0 81
277 0 73
283 0 67
290 0 60
300 0 50
307 0 43
313 0 37
314 0 36
316 0 34
320 0 30
323 0 27
326 0 24
330 0 20
333 0 17
334 0 16
336 0 14
339 0 11
339 0 11
-----
Simulation parameters:
Using 400 nodes.
Using 10 snapshot period.
Using 100 as maximum number of snapshots.
Using 1000 as maximum number of snapshots.
Using 1000 as height.
Using 0 as GUI option.
Using 2 infected nodes initially.
Using 0 vaccinated nodes initially.
Using 2 as vaccine efficiency.
Using 100 as infection period.
Using 200 as contagion period.
Using 300 as immune period.
Using 200 as travel distance.
Using 1 as printout option.
Using 0 as stop_all_sane condition.
-----
398 2 0
398 2 0
398 2 0
398 2 0
398 2 0
398 2 0
398 2 0
397 3 0
394 6 0
393 7 0
391 9 0
389 11 0
383 17 0
383 16 1
378 20 2
375 23 2
372 26 2
369 29 2
366 32 2
363 35 2
361 37 2
358 40 2
353 44 3
348 48 4
344 51 5
339 55 6
330 62 8
321 70 9
316 73 11
314 74 12
306 78 16
298 85 17
286 94 20
274 104 22
268 106 26
260 110 30
255 111 34
245 120 35
228 134 38
221 136 43
209 144 47
201 148 51
192 150 58
185 153 62
179 151 70
175 151 74
171 145 84
167 143 90
165 140 95
154 143 103
146 143 111
137 143 120
128 147 125
126 138 136
121 136 143
119 134 147
116 128 156
114 127 159
108 125 167
106 123 171
102 126 172
99 124 177
98 123 179
95 117 188
89 123 188
85 122 193
78 121 201
75 120 205
71 120 209
73 117 210
71 114 215
72 117 211
77 110 213
82 108 210
87 105 208
92 100 208
99 90 211
108 82 210
115 80 205
122 75 203
127 70 203
132 62 206
139 56 205
148 58 194
154 53 193
160 51 189
162 51 187
164 48 188
170 48 182
174 51 175
180 49 171
186 50 164
187 53 160
188 58 154
185 67 148
179 70 151
180 74 146
179 79 142
181 84 135
180 87 133
-----
Simulation parameters:
Using 450 nodes.
Using 10 snapshot period.
Using 100 as maximum number of snapshots.
Using 1000 as maximum number of snapshots.
Using 1000 as height.
Using 0 as GUI option.
Using 2 infected nodes initially.
Using 0 vaccinated nodes initially.
Using 2 as vaccine efficiency.
Using 100 as infection period.
Using 200 as contagion period.
Using 300 as immune period.
Using 200 as travel distance.
Using 1 as printout option.
Using 0 as stop_all_sane condition.
-----
448 2 0
448 2 0
448 2 0
448 2 0
448 2 0
448 2 0
448 2 0
444 6 0
442 8 0
435 15 0
425 25 0
419 31 0
413 37 0
406 44 0
397 53 0
393 57 0
378 72 0
367 83 0
351 99 0
339 110 1
328 121 1
312 137 1
293 155 2
269 175 6
246 196 8
231 208 11
210 226 14
192 239 19
179 246 25
165 251 34
155 252 43
138 265 47
125 268 57
113 264 73
104 264 82
93 264 93
82 266 102
74 264 112
67 260 123
60 248 142
49 251 150
43 246 161
41 234 175
39 223 188
37 205 208
37 190 223
35 169 246
32 155 263
31 140 279
29 133 288
27 124 299
28 111 311
30 100 320
32 97 321
35 78 337
38 71 341
44 65 341
47 65 338
56 57 337
63 52 335
76 47 327
86 45 319
94 42 314
105 34 311
112 34 304
124 36 290
137 37 276
144 32 274
153 34 263
160 38 252
166 42 242
185 45 220
194 47 209
203 55 192
201 61 188
220 61 169
225 68 157
230 72 148
236 80 134
232 93 125
224 111 115
215 129 106
215 140 95
201 153 96
193 168 89
182 187 81
176 202 72
157 215 78
150 226 74
129 246 75
123 248 79
107 262 81
101 266 83
91 264 95
87 263 100
80 260 110
70 259 121
61 260 129
58 252 140
55 247 148
-----
Simulation parameters:
Using 500 nodes.
Using 10 snapshot period.
Using 100 as maximum number of snapshots.
Using 1000 as maximum number of snapshots.
Using 1000 as height.
Using 0 as GUI option.
Using 2 infected nodes initially.
Using 0 vaccinated nodes initially.
Using 2 as vaccine efficiency.
Using 100 as infection period.
Using 200 as contagion period.
Using 300 as immune period.
Using 200 as travel distance.
Using 1 as printout option.
Using 0 as stop_all_sane condition.
-----
498 2 0
498 2 0
498 2 0
498 2 0
498 2 0
498 2 0
498 2 0
495 5 0
489 11 0
483 17 0
480 20 0
477 23 0
470 30 0
469 31 0
460 40 0
454 45 1
446 53 1
437 62 1
422 77 1
405 94 1
387 111 2
374 124 2
361 136 3
346 148 6
332 158 10
314 174 12
292 195 13
281 202 17
260 218 22
245 231 24
229 244 27
213 255 32
196 262 42
180 273 47
165 282 53
148 288 64
138 283 79
123 281 96
110 278 112
91 289 120
77 287 136
59 288 153
50 285 165
45 271 184
39 262 199
35 250 215
31 243 226
27 233 240
24 210 266
25 201 274
23 188 289
25 168 307
25 155 320
32 139 329
32 127 341
35 115 350
36 106 358
41 101 358
50 92 358
61 71 368
69 62 369
74 54 372
79 44 377
92 38 370
107 28 365
115 23 362
129 19 352
139 15 346
157 15 328
172 14 314
189 13 298
206 9 285
223 9 268
240 9 251
254 8 238
264 6 230
280 5 215
290 4 206
302 3 195
319 2 179
336 1 163
350 1 149
374 1 125
382 1 117
390 0 110
403 0 97
411 0 89
420 0 80
430 0 70
439 0 61
446 0 54
456 0 44
460 0 40
465 0 35
472 0 28
474 0 26
479 0 21
483 0 17
484 0 16
488 0 12
-----
Simulation parameters:
Using 550 nodes.
Using 10 snapshot period.
Using 100 as maximum number of snapshots.
Using 1000 as maximum number of snapshots.
Using 1000 as height.
Using 0 as GUI option.
Using 2 infected nodes initially.
Using 0 vaccinated nodes initially.
Using 2 as vaccine efficiency.
Using 100 as infection period.
Using 200 as contagion period.
Using 300 as immune period.
Using 200 as travel distance.
Using 1 as printout option.
Using 0 as stop_all_sane condition.
-----
548 2 0
548 2 0
548 2 0
548 2 0
548 2 0
548 2 0
548 2 0
543 7 0
539 11 0
535 15 0
527 23 0
521 29 0
514 36 0
503 47 0
497 53 0
486 64 0
477 73 0
462 87 1
449 100 1
434 114 2
412 136 2
397 151 2
377 170 3
356 190 4
340 202 8
325 215 10
305 223 22
292 233 25
272 249 29
260 255 35
246 262 42
227 275 48
210 286 54
189 293 68
173 299 78
157 299 94
140 297 113
126 297 127
112 292 146
92 300 158
73 305 172
60 304 186
47 304 199
39 290 221
31 283 236
24 275 251
16 257 277
14 246 290
15 227 308
16 220 314
13 200 337
10 193 347
13 183 354
14 167 369
18 155 377
26 142 382
37 129 384
45 105 400
55 90 405
63 75 412
75 59 416
86 46 418
98 43 409
113 35 402
123 30 397
139 26 385
153 23 374
164 23 363
173 25 352
183 28 339
191 35 324
200 38 312
212 39 299
227 43 280
234 48 268
243 56 251
256 60 234
263 66 221
274 73 203
289 78 183
292 86 172
301 90 159
306 97 147
312 102 136
312 105 133
319 104 127
324 107 119
322 117 111
329 117 104
334 120 96
341 121 88
336 133 81
336 136 78
331 142 77
319 150 81
311 153 86
304 159 87
296 164 90
288 166 96
282 170 98
-----
Simulation parameters:
Using 600 nodes.
Using 10 snapshot period.
Using 100 as maximum number of snapshots.
Using 1000 as maximum number of snapshots.
Using 1000 as height.
Using 0 as GUI option.
Using 2 infected nodes initially.
Using 0 vaccinated nodes initially.
Using 2 as vaccine efficiency.
Using 100 as infection period.
Using 200 as contagion period.
Using 300 as immune period.
Using 200 as travel distance.
Using 1 as printout option.
Using 0 as stop_all_sane condition.
-----
598 2 0
598 2 0
598 2 0
598 2 0
598 2 0
598 2 0
598 2 0
595 5 0
587 13 0
582 18 0
577 23 0
571 29 0
565 35 0
557 43 0
549 51 0
538 61 1
522 77 1
505 94 1
493 106 1
479 120 1
466 133 1
455 143 2
430 166 4
411 180 9
392 198 10
368 219 13
337 245 18
318 259 23
293 279 28
272 294 34
239 318 43
207 339 54
176 363 61
157 371 72
136 382 82
122 383 95
102 391 107
85 396 119
75 393 132
67 379 154
63 364 173
53 354 193
47 343 210
35 330 235
31 312 257
25 291 284
25 275 300
21 253 326
19 235 346
21 209 370
25 191 384
29 177 394
33 154 413
39 132 429
41 116 443
47 102 451
48 85 467
51 78 471
62 67 471
73 57 470
80 47 473
91 45 464
104 37 459
116 31 453
130 26 444
154 20 426
170 17 413
184 16 400
201 13 386
218 13 369
235 8 357
258 7 335
277 6 317
305 6 289
327 6 267
345 6 249
367 7 226
380 7 213
400 9 191
420 10 170
425 18 157
434 24 142
440 29 131
453 37 110
459 47 94
466 54 80
462 65 73
449 86 65
453 93 54
439 111 50
418 136 46
395 162 43
383 177 40
374 191 35
364 204 32
353 218 29
344 223 33
329 239 32
320 246 34
305 256 39
-----
Simulation parameters:
Using 650 nodes.
Using 10 snapshot period.
Using 100 as maximum number of snapshots.
Using 1000 as maximum number of snapshots.
Using 1000 as height.
Using 0 as GUI option.
Using 2 infected nodes initially.
Using 0 vaccinated nodes initially.
Using 2 as vaccine efficiency.
Using 100 as infection period.
Using 200 as contagion period.
Using 300 as immune period.
Using 200 as travel distance.
Using 1 as printout option.
Using 0 as stop_all_sane condition.
-----
648 2 0
648 2 0
648 2 0
648 2 0
648 2 0
648 2 0
648 2 0
640 10 0
637 13 0
630 20 0
616 34 0
608 42 0
596 54 0
591 58 1
582 67 1
564 85 1
547 101 2
532 116 2
507 141 2
480 168 2
449 198 3
421 225 4
400 244 6
374 265 11
342 293 15
313 316 21
277 346 27
244 373 33
218 394 38
194 412 44
172 421 57
153 432 65
138 431 81
130 427 93
115 418 117
100 413 137
77 415 158
68 406 176
62 391 197
54 367 229
45 352 253
34 325 291
24 311 315
18 290 342
17 269 364
19 252 379
15 226 409
15 204 431
17 183 450
21 167 462
25 151 474
31 136 483
33 121 496
39 108 503
48 94 508
53 86 511
58 71 521
75 57 518
87 46 517
105 38 507
124 35 491
136 28 486
161 25 464
179 23 448
195 17 438
214 10 426
232 9 409
253 7 390
275 7 368
308 5 337
331 2 317
355 1 294
379 1 270
397 1 252
423 1 226
440 1 209
452 2 196
467 3 180
481 5 164
499 7 144
504 11 135
519 13 118
533 14 103
537 17 96
541 23 86
540 30 80
540 38 72
550 45 55
551 56 43
547 66 37
532 83 35
528 94 28
512 114 24
497 133 20
475 158 17
442 193 15
413 223 14
394 242 14
374 261 15
347 291 12
-----
Simulation parameters:
Using 700 nodes.
Using 10 snapshot period.
Using 100 as maximum number of snapshots.
Using 1000 as maximum number of snapshots.
Using 1000 as height.
Using 0 as GUI option.
Using 2 infected nodes initially.
Using 0 vaccinated nodes initially.
Using 2 as vaccine efficiency.
Using 100 as infection period.
Using 200 as contagion period.
Using 300 as immune period.
Using 200 as travel distance.
Using 1 as printout option.
Using 0 as stop_all_sane condition.
-----
698 2 0
698 2 0
698 2 0
698 2 0
698 2 0
698 2 0
698 2 0
692 8 0
686 14 0
682 18 0
679 21 0
670 30 0
661 39 0
654 46 0
639 60 1
629 70 1
618 81 1
607 92 1
590 109 1
567 132 1
540 159 1
517 181 2
496 200 4
467 227 6
443 251 6
418 271 11
398 286 16
377 303 20
350 324 26
328 340 32
305 355 40
269 387 44
241 403 56
209 420 71
192 426 82
166 439 95
149 437 114
132 430 138
117 425 158
96 424 180
83 419 198
68 414 218
55 397 248
43 387 270
33 376 291
29 355 316
23 333 344
21 312 367
19 298 383
21 272 407
22 250 428
22 232 446
19 214 467
24 195 481
30 172 498
34 147 519
45 125 530
53 112 535
62 94 544
73 77 550
83 66 551
97 59 544
109 53 538
124 42 534
137 37 526
149 30 521
174 23 503
185 24 491
204 26 470
218 31 451
237 30 433
249 37 414
269 44 387
282 50 368
301 54 345
321 60 319
336 71 293
341 85 274
353 98 249
361 112 227
371 126 203
383 137 180
374 159 167
373 177 150
360 202 138
352 227 121
355 250 95
338 277 85
324 294 82
313 301 86
299 312 89
276 333 91
255 350 95
238 361 101
215 378 107
197 390 113
173 406 121
156 414 130
137 420 143
123 417 160
-----
Simulation parameters:
Using 750 nodes.
Using 10 snapshot period.
Using 100 as maximum number of snapshots.
Using 1000 as maximum number of snapshots.
Using 1000 as height.
Using 0 as GUI option.
Using 2 infected nodes initially.
Using 0 vaccinated nodes initially.
Using 2 as vaccine efficiency.
Using 100 as infection period.
Using 200 as contagion period.
Using 300 as immune period.
Using 200 as travel distance.
Using 1 as printout option.
Using 0 as stop_all_sane condition.
-----
748 2 0
748 2 0
748 2 0
748 2 0
748 2 0
748 2 0
748 2 0
740 10 0
734 16 0
727 23 0
719 31 0
713 37 0
702 48 0
690 59 1
670 79 1
647 102 1
617 132 1
592 157 1
567 182 1
545 204 1
525 222 3
493 253 4
454 292 4
426 319 5
384 358 8
338 399 13
297 437 16
265 459 26
240 473 37
202 500 48
185 503 62
153 515 82
128 526 96
108 533 109
84 533 133
74 520 156
58 507 185
45 498 207
39 479 232
27 470 253
22 435 293
18 407 325
15 377 358
12 354 384
8 324 418
7 292 451
5 263 482
5 230 515
8 199 543
14 177 559
17 151 582
20 124 606
25 108 617
32 90 628
40 77 633
46 62 642
55 50 645
68 41 641
81 29 640
102 21 627
120 16 614
137 12 601
166 8 576
184 7 559
211 6 533
231 3 516
248 2 500
283 1 466
306 1 443
335 1 414
365 0 385
396 0 354
424 0 326
452 0 298
480 0 270
510 0 240
539 0 211
568 0 182
597 0 153
614 0 136
632 0 118
651 0 99
669 0 81
681 0 69
692 0 58
700 0 50
712 0 38
714 0 36
719 0 31
727 0 23
729 0 21
732 0 18
737 0 13
741 0 9
744 0 6
746 0 4
747 0 3
747 0 3
749 0 1
749 0 1
-----
Simulation parameters:
Using 800 nodes.
Using 10 snapshot period.
Using 100 as maximum number of snapshots.
Using 1000 as maximum number of snapshots.
Using 1000 as height.
Using 0 as GUI option.
Using 2 infected nodes initially.
Using 0 vaccinated nodes initially.
Using 2 as vaccine efficiency.
Using 100 as infection period.
Using 200 as contagion period.
Using 300 as immune period.
Using 200 as travel distance.
Using 1 as printout option.
Using 0 as stop_all_sane condition.
-----
798 2 0
798 2 0
798 2 0
798 2 0
798 2 0
798 2 0
798 2 0
792 8 0
782 18 0
777 23 0
768 32 0
765 35 0
761 39 0
757 43 0
750 50 0
747 53 0
732 68 0
725 75 0
714 86 0
705 95 0
693 107 0
678 121 1
668 123 9
652 137 11
640 147 13
625 160 15
603 180 17
577 203 20
549 226 25
524 249 27
497 271 32
471 286 43
454 297 49
428 314 58
405 327 68
384 342 74
361 355 84
331 376 93
320 379 101
301 379 120
283 376 141
266 382 152
244 391 165
227 398 175
213 394 193
190 389 221
177 384 239
165 380 255
156 371 273
137 364 299
123 352 325
114 348 338
98 344 358
92 338 370
82 324 394
83 309 408
71 303 426
66 294 440
66 275 459
65 266 469
72 248 480
77 232 491
78 220 502
82 204 514
93 191 516
103 170 527
110 161 529
125 152 523
128 144 528
143 136 521
154 127 519
162 129 509
166 130 504
174 134 492
190 131 479
195 132 473
205 134 461
211 143 446
212 154 434
223 159 418
247 160 393
256 163 381
258 173 369
263 188 349
273 192 335
263 214 323
272 225 303
275 232 293
274 241 285
273 244 283
274 253 273
279 259 262
273 270 257
266 276 258
259 285 256
251 301 248
238 315 247
232 317 251
222 322 256
214 328 258
-----
Simulation parameters:
Using 850 nodes.
Using 10 snapshot period.
Using 100 as maximum number of snapshots.
Using 1000 as maximum number of snapshots.
Using 1000 as height.
Using 0 as GUI option.
Using 2 infected nodes initially.
Using 0 vaccinated nodes initially.
Using 2 as vaccine efficiency.
Using 100 as infection period.
Using 200 as contagion period.
Using 300 as immune period.
Using 200 as travel distance.
Using 1 as printout option.
Using 0 as stop_all_sane condition.
-----
848 2 0
848 2 0
848 2 0
848 2 0
848 2 0
848 2 0
848 2 0
842 8 0
839 11 0
836 14 0
830 20 0
820 30 0
809 41 0
798 51 1
788 61 1
764 85 1
748 101 1
729 120 1
708 141 1
683 165 2
654 194 2
635 212 3
615 231 4
591 255 4
569 276 5
547 295 8
522 317 11
505 327 18
482 341 27
456 355 39
433 372 45
411 387 52
394 388 68
368 395 87
351 390 109
332 388 130
305 393 152
283 393 174
257 397 196
239 395 216
223 391 236
204 377 269
190 374 286
176 366 308
156 368 326
143 360 347
125 359 366
109 354 387
102 338 410
87 335 428
76 331 443
66 320 464
66 313 471
65 301 484
62 286 502
64 275 511
65 261 524
72 240 538
81 223 546
90 214 546
102 198 550
117 185 548
136 167 547
152 149 549
168 141 541
180 124 546
193 115 542
214 101 535
246 94 510
264 75 511
288 60 502
307 50 493
335 43 472
359 36 455
379 32 439
400 29 421
415 36 399
430 38 382
435 45 370
453 48 349
469 54 327
481 55 314
488 63 299
494 78 278
491 91 268
493 103 254
494 120 236
486 144 220
478 164 208
485 178 187
482 195 173
487 202 161
477 220 153
464 244 142
454 262 134
443 278 129
437 288 125
424 304 122
408 323 119
392 339 119
-----
Simulation parameters:
Using 900 nodes.
Using 10 snapshot period.
Using 100 as maximum number of snapshots.
Using 1000 as maximum number of snapshots.
Using 1000 as height.
Using 0 as GUI option.
Using 2 infected nodes initially.
Using 0 vaccinated nodes initially.
Using 2 as vaccine efficiency.
Using 100 as infection period.
Using 200 as contagion period.
Using 300 as immune period.
Using 200 as travel distance.
Using 1 as printout option.
Using 0 as stop_all_sane condition.
-----
898 2 0
898 2 0
898 2 0
898 2 0
898 2 0
898 2 0
898 2 0
890 10 0
882 18 0
876 24 0
865 35 0
848 52 0
831 69 0
818 82 0
796 104 0
777 123 0
752 148 0
720 180 0
688 212 0
662 237 1
620 277 3
582 313 5
532 359 9
489 398 13
453 432 15
414 464 22
377 495 28
335 533 32
296 559 45
257 591 52
226 601 73
195 617 88
168 620 112
140 627 133
120 629 151
99 625 176
79 605 216
68 585 247
53 561 286
45 535 320
37 506 357
25 475 400
20 440 440
14 407 479
11 383 506
6 345 549
8 310 582
10 270 620
8 246 646
10 217 673
15 190 695
22 159 719
31 142 727
45 118 737
56 105 739
66 90 744
82 73 745
92 54 754
110 41 749
129 32 739
158 23 719
183 16 701
208 11 681
227 9 664
251 9 640
272 11 617
302 14 584
335 15 550
360 18 522
392 19 489
415 23 462
449 33 418
475 39 386
498 50 352
518 60 322
529 75 296
553 83 264
563 97 240
577 107 216
596 122 182
607 137 156
603 160 137
601 179 120
596 199 105
578 224 98
551 261 88
547 277 76
529 303 68
495 342 63
479 357 64
453 384 63
404 429 67
378 449 73
356 464 80
332 478 90
307 496 97
284 510 106
267 506 127
237 518 145
207 532 161
-----
Simulation parameters:
Using 950 nodes.
Using 10 snapshot period.
Using 100 as maximum number of snapshots.
Using 1000 as maximum number of snapshots.
Using 1000 as height.
Using 0 as GUI option.
Using 2 infected nodes initially.
Using 0 vaccinated nodes initially.
Using 2 as vaccine efficiency.
Using 100 as infection period.
Using 200 as contagion period.
Using 300 as immune period.
Using 200 as travel distance.
Using 1 as printout option.
Using 0 as stop_all_sane condition.
-----
948 2 0
948 2 0
948 2 0
948 2 0
948 2 0
948 2 0
948 2 0
943 7 0
937 13 0
932 18 0
919 31 0
906 44 0
897 53 0
889 61 0
883 67 0
870 80 0
861 89 0
852 98 0
843 107 0
829 121 0
815 135 0
806 142 2
792 155 3
776 169 5
759 182 9
747 190 13
732 201 17
720 205 25
708 210 32
688 219 43
664 236 50
644 244 62
615 266 69
592 282 76
574 293 83
556 297 97
538 300 112
516 311 123
483 326 141
455 342 153
421 365 164
396 380 174
371 397 182
340 412 198
315 419 216
285 432 233
260 437 253
237 445 268
204 464 282
186 472 292
170 468 312
145 472 333
121 486 343
111 473 366
100 465 385
94 466 390
89 451 410
83 447 420
87 426 437
87 401 462
90 360 500
102 337 511
105 305 540
121 282 547
129 249 572
147 230 573
160 207 583
170 181 599
177 161 612
192 146 612
209 129 612
230 113 607
251 92 607
264 70 616
283 57 610
295 47 608
318 35 597
335 27 588
357 22 571
376 18 556
400 13 537
419 13 518
438 11 501
460 8 482
485 7 458
510 8 432
541 5 404
562 3 385
587 3 360
614 4 332
638 4 308
656 4 290
679 4 267
708 4 238
721 6 223
755 7 188
778 7 165
807 6 137
816 9 125
827 13 110
-----
Simulation parameters:
Using 1000 nodes.
Using 10 snapshot period.
Using 100 as maximum number of snapshots.
Using 1000 as maximum number of snapshots.
Using 1000 as height.
Using 0 as GUI option.
Using 2 infected nodes initially.
Using 0 vaccinated nodes initially.
Using 2 as vaccine efficiency.
Using 100 as infection period.
Using 200 as contagion period.
Using 300 as immune period.
Using 200 as travel distance.
Using 1 as printout option.
Using 0 as stop_all_sane condition.
-----
998 2 0
998 2 0
998 2 0
998 2 0
998 2 0
998 2 0
998 2 0
990 10 0
980 20 0
969 31 0
956 44 0
938 62 0
910 90 0
900 100 0
873 127 0
842 158 0
814 186 0
765 235 0
729 271 0
688 312 0
650 348 2
607 390 3
573 418 9
520 468 12
474 509 17
436 540 24
404 564 32
364 591 45
334 609 57
302 629 69
280 632 88
246 630 124
230 620 150
199 632 169
181 623 196
164 603 233
136 592 272
118 575 307
97 561 342
81 532 387
60 521 419
44 496 460
30 469 501
17 449 534
12 421 567
10 382 608
12 352 636
16 317 667
19 288 693
25 264 711
31 232 737
41 205 754
48 186 766
58 160 782
74 142 784
92 124 784
111 110 779
127 94 779
154 77 769
180 62 758
203 47 750
223 34 743
250 22 728
282 17 701
325 12 663
351 5 644
384 4 612
408 3 589
438 3 559
476 2 522
516 2 482
553 1 446
584 0 416
612 0 388
651 0 349
692 0 308
724 0 276
750 0 250
768 0 232
791 0 209
814 0 186
836 0 164
864 0 136
878 0 122
894 0 106
899 0 101
913 0 87
929 0 71
938 0 62
948 0 52
959 0 41
969 0 31
975 0 25
981 0 19
985 0 15
989 0 11
994 0 6
995 0 5
996 0 4
997 0 3
